23.171563 0.500000
28.949219 1.000000
32.346457 1.500000
34.392670 2.000000
35.358480 2.500000
35.482259 3.000000
35.087808 3.500000
34.448530 4.000000
33.731360 4.500000
33.021057 5.000000
32.345920 5.500000
31.717294 6.000000
31.139543 6.500000
30.602662 7.000000
30.108187 7.500000
29.653466 8.000000
29.228872 8.500000
28.830388 9.000000
28.460350 9.500000
28.108574 10.000000
27.775073 10.500000
27.464844 11.000000
27.166515 11.500000
26.884632 12.000000
26.609311 12.500000
26.352062 13.000000
26.105659 13.500000
25.867772 14.000000
25.638681 14.500000
25.423458 15.000000
25.213228 15.500000
25.013742 16.000000
24.821446 16.500000
24.639350 17.000000
24.463137 17.500000
24.295074 18.000000
24.135233 18.500000
23.980905 19.000000
23.835201 19.500000
23.695256 20.000000
23.562139 20.500000
23.434439 21.000000
23.312786 21.500000
23.196636 22.000000
23.086763 22.500000
22.980775 23.000000
22.880295 23.500000
22.784190 24.000000
22.693390 24.500000
22.608425 25.000000
22.523908 25.500000
22.445715 26.000000
22.370629 26.500000
22.299395 27.000000
22.230622 27.500000
22.165729 28.000000
22.102883 28.500000
22.044864 29.000000
21.988060 29.500000
21.933952 30.000000
21.880768 30.500000
21.831095 31.000000
21.784623 31.500000
21.739066 32.000000
21.696212 32.500000
21.653656 33.000000
21.613047 33.500000
21.574917 34.000000
21.537540 34.500000
21.500923 35.000000
21.466197 35.500000
21.433750 36.000000
21.400962 36.500000
21.370463 37.000000
21.340328 37.500000
21.310241 38.000000
21.281731 38.500000
21.255040 39.000000
21.228538 39.500000
21.202384 40.000000
21.177484 40.500000
21.152583 41.000000
21.128238 41.500000
21.105334 42.000000
21.082601 42.500000
21.059930 43.000000
21.038939 43.500000
21.017997 44.000000
20.996793 44.500000
20.976762 45.000000
20.957242 45.500000
20.937048 46.000000
20.916653 46.500000
20.899135 47.000000
20.880946 47.500000
20.863069 48.000000
20.844262 48.500000
20.827747 49.000000
20.811022 49.500000
